======= evaluation results =======
precision: 0.9998991600626393
recall: 0.9916697552108152
accuracy: 0.9915705882352941
f1: 0.9957674551861226
