======= evaluation results =======
precision: 0.9998823390987175
recall: 0.0499932346175794
accuracy: 0.050082352941176474
f1: 0.09522528882464339
